104.94255884642615229 23.604556247700099192
151.36517868530742703 -16.164045166482370774
65.743718231365974702 -4.2267440025662841308
-15.265275781082527473 147.78879017962958642
392.01169804376928596 -136.85152407213738002
-74.34373112715192633 -18.168089879612963955
12.637547829358007689 141.65718974862267032
-36.126880831379644121 -99.87747480009701917
-77.226144735824362897 -36.735912804172038193
149.75394816010842192 183.28010620416188203
-29.325153149062312963 -294.43258370952167979
-271.56302283174363765 -200.19661456610342043
273.42465626610345453 103.84815368455529949
-75.833317013730322742 57.051050195141804977
-101.81352046864419947 163.04925919779580568
302.74487098793679252 -462.45230004934660428
229.38670116293343426 20.460929106954417023
-261.5553148735611444 -75.499147328667888246
-36.836614377965844369 -138.34076485575576498
337.77889511065166062 -214.299079395646487
164.75554505845678932 256.32135848928311361
4.6624963011838742588 -158.94550974923254216
-56.323309326017749754 -0.68603489927395100434
234.78448195838927859 171.57253649287079611
-317.53427361518640737 205.70199525467609192
19.550464224197153129 -2.1645933662064664738
-153.57411269026709988 -171.34998433656389238
78.365557753656673867 139.08134035187248401
-124.4290015865953194 -149.14284794587214833
-26.385535507418438783 -37.568814040081548455
50.669166047297274247 -117.73506943054520946
0 -4.0194366942304637957e-14
